name = 201702477.1
ra = 175.240794
dec = 3.681584
rprs = 0.0808
period = 40.7365
[constraints]
maxrad = 14.0
secthresh = 0.000701199858176
ccfiles = SDSS_r.cc,
