name = 201702477.1
ra = 175.240794
dec = 3.681584
rprs = 0.0808
period = 40.7365
[mags]
B = 15.272, 0.15
V = 14.569, 0.12
g = 14.891, 0.12
r = 14.399, 0.18
i = 14.236, 0.09
J = 13.268, 0.09
H = 12.881, 0.09
K = 12.766, 0.09
W1 = 12.814, 0.072
W2 = 12.84, 0.081
W3 = 11.756, 3e+50
Kepler = 14.4974
[constraints]
maxrad = 14.0
secthresh = 0.000701199858176
ccfiles = SDSS_r.cc,
