name = 201702477.1
ra = 175.240794
dec = 3.681584
rprs = 0.0808
period = 40.7365
[mags]
B = 15.272, 0.05
V = 14.569, 0.04
J = 13.268, 0.03
H = 12.881, 0.03
K = 12.766, 0.03
W1 = 12.814, 0.024
W2 = 12.84, 0.027
W3 = 11.756, 1e+50
Kepler = 14.4974
[constraints]
maxrad = 12
ccfiles = SDSS_r.cc,
