name = 201929294.1
ra = 174.656969
dec = 7.959611
rprs = 0.1163
period = 5.0084
[mags]
B = 14.325, 0.04
V = 13.315, 0.03
J = 11.477, 0.03
H = 10.982, 0.02
K = 10.798, 0.02
W1 = 10.726, 0.023
W2 = 10.779, 0.019
W3 = 10.673, 0.103
Kepler = 13.0503
[constraints]
maxrad = 12
ccfiles = SDSS_r.cc,
