name = 201929294.1
ra = 174.656969
dec = 7.959611
rprs = 0.1163
period = 5.0084
[constraints]
maxrad = 24.0
secthresh = 0.00311660660189
ccfiles = SDSS_r.cc,
