name = 201929294.1
ra = 174.656969
dec = 7.959611
rprs = 0.1163
period = 5.0084
[mags]
B = 14.325, 0.12
V = 13.315, 0.09
g = 13.782, 0.15
r = 12.969, 0.21
i = 12.611, 0.27
J = 11.477, 0.09
H = 10.982, 0.06
K = 10.798, 0.06
W1 = 10.726, 0.069
W2 = 10.779, 0.057
W3 = 10.673, 0.309
Kepler = 13.0503
[constraints]
maxrad = 24.0
secthresh = 0.00311660660189
ccfiles = SDSS_r.cc,
