name = 201257461.1
ra = 178.161109
dec = -3.094936
rprs = 0.0334
period = 50.2677
[mags]
B = 12.819, 0.09
V = 11.768, 0.03
g = 12.241, 0.12
r = 11.488, 0.03
i = 11.189, 0.06
J = 9.994, 0.06
H = 9.479, 0.06
K = 9.368, 0.06
W1 = 9.278, 0.066
W2 = 9.367, 0.057
W3 = 9.305, 0.105
Kepler = 11.6386
[constraints]
maxrad = 24.0
secthresh = 0.000589404088951
ccfiles = SDSS_r.cc,
