name = 201257461.1
ra = 178.161109
dec = -3.094936
rprs = 0.0334
period = 50.2677
[mags]
B = 12.819, 0.03
V = 11.768, 0.01
g = 12.241, 0.04
r = 11.488, 0.01
i = 11.189, 0.02
J = 9.994, 0.02
H = 9.479, 0.02
K = 9.368, 0.02
W1 = 9.278, 0.022
W2 = 9.367, 0.019
W3 = 9.305, 0.035
Kepler = 11.6386
[constraints]
maxrad = 12
ccfiles = SDSS_r.cc,
