name = 201257461.1
ra = 178.161109
dec = -3.094936
rprs = 0.0334
period = 50.2677
[constraints]
maxrad = 24.0
secthresh = 0.000589404088951
ccfiles = SDSS_r.cc,
