name = 201855371.1
ra = 178.329775
dec = 6.412261
rprs = 0.0311
period = 17.9715
[mags]
B = 14.819, 0.06
V = 13.519, 0.04
J = 11.076, 0.02
H = 10.436, 0.02
K = 10.308, 0.02
W1 = 10.216, 0.022
W2 = 10.264, 0.02
W3 = 10.122, 0.071
Kepler = 13.0821
[constraints]
maxrad = 12
ccfiles = SDSS_r.cc,
