name = 201855371.1
ra = 178.329775
dec = 6.412261
rprs = 0.0311
period = 17.9715
[constraints]
maxrad = 24.0
secthresh = 0.000617631842835
ccfiles = SDSS_r.cc,
