name = 201855371.1
ra = 178.329775
dec = 6.412261
rprs = 0.0311
period = 17.9715
[mags]
B = 14.819, 0.18
V = 13.519, 0.12
g = 14.199, 0.18
r = 12.958, 0.09
i = 12.452, 0.03
J = 11.076, 0.06
H = 10.436, 0.06
K = 10.308, 0.06
W1 = 10.216, 0.066
W2 = 10.264, 0.06
W3 = 10.122, 0.213
Kepler = 13.0821
[constraints]
maxrad = 24.0
secthresh = 0.000617631842835
ccfiles = SDSS_r.cc,
