name = 201393098.1
ra = 167.093771
dec = -1.065755
rprs = 0.0231
period = 28.6793
[mags]
B = 13.902, 0.04
V = 13.213, 0.03
J = 11.952, 0.02
H = 11.628, 0.02
K = 11.564, 0.02
W1 = 11.519, 0.022
W2 = 11.569, 0.023
W3 = 11.609, 0.206
Kepler = 13.1282
[constraints]
maxrad = 12
ccfiles = SDSS_r.cc,
