name = 201393098.1
ra = 167.093771
dec = -1.065755
rprs = 0.0231
period = 28.6793
[constraints]
maxrad = 20.0
secthresh = 0.00051990213829
ccfiles = SDSS_r.cc,
