name = 201393098.1
ra = 167.093771
dec = -1.065755
rprs = 0.0231
period = 28.6793
[mags]
B = 13.902, 0.12
V = 13.213, 0.09
g = 13.545, 0.18
r = 13.024, 0.12
i = 12.845, 0.15
J = 11.952, 0.06
H = 11.628, 0.06
K = 11.564, 0.06
W1 = 11.519, 0.066
W2 = 11.569, 0.069
W3 = 11.609, 0.618
Kepler = 13.1282
[constraints]
maxrad = 20.0
secthresh = 0.00051990213829
ccfiles = SDSS_r.cc,
