name = 201465501.1
ra = 176.264468
dec = 0.005301
rprs = 0.0531
period = 18.4488
[constraints]
maxrad = 16.0
secthresh = 0.000678034739764
ccfiles = SDSS_r.cc,
