name = 201465501.1
ra = 176.264468
dec = 0.005301
rprs = 0.0531
period = 18.4488
[mags]
B = 0.0, 1e+30
V = 0.0, 1e+50
g = 16.725, 0.02
r = 15.18, 0.03
i = 14.35, 0.15
J = 12.451, 0.02
H = 11.71, 0.02
K = 11.495, 0.02
W1 = 11.348, 0.022
W2 = 11.214, 0.021
W3 = 11.354, 0.193
Kepler = 15.3345
[constraints]
maxrad = 12
ccfiles = SDSS_r.cc,
