name = 201465501.1
ra = 176.264468
dec = 0.005301
rprs = 0.0531
period = 18.4488
[mags]
B = 0.0, 3e+30
V = 0.0, 3e+50
g = 16.725, 0.06
r = 15.18, 0.09
i = 14.35, 0.45
J = 12.451, 0.06
H = 11.71, 0.06
K = 11.495, 0.06
W1 = 11.348, 0.066
W2 = 11.214, 0.063
W3 = 11.354, 0.579
Kepler = 15.3345
[constraints]
maxrad = 16.0
secthresh = 0.000678034739764
ccfiles = SDSS_r.cc,
