name = 201546283.1
ra = 171.515165
dec = 1.230738
rprs = 0.0481
period = 6.7713
[mags]
B = 13.506, 0.07
V = 12.644, 0.02
g = 13.031, 0.02
r = 12.367, 0.02
i = 12.166, 0.05
J = 11.157, 0.02
H = 10.794, 0.03
K = 10.704, 0.02
W1 = 10.606, 0.023
W2 = 10.663, 0.02
W3 = 10.534, 0.093
Kepler = 12.4998
[constraints]
maxrad = 12
ccfiles = SDSS_r.cc,
