name = 201546283.1
ra = 171.515165
dec = 1.230738
rprs = 0.0481
period = 6.7713
[mags]
B = 13.506, 0.21
V = 12.644, 0.06
g = 13.031, 0.06
r = 12.367, 0.06
i = 12.166, 0.15
J = 11.157, 0.06
H = 10.794, 0.09
K = 10.704, 0.06
W1 = 10.606, 0.069
W2 = 10.663, 0.06
W3 = 10.534, 0.279
Kepler = 12.4998
[constraints]
maxrad = 22.0
ccfiles = SDSS_r.cc,
