name = 201546283.1
ra = 171.515165
dec = 1.230738
rprs = 0.0481
period = 6.7713
[constraints]
maxrad = 22.0
secthresh = 0.000147299085744
ccfiles = SDSS_r.cc,
