name = 201505350.2
ra = 174.960319
dec = 0.603575
rprs = 0.0747
period = 7.9193
[constraints]
maxrad = 24.0
secthresh = 0.000700731132614
ccfiles = SDSS_r.cc,
