name = 201596316.1
ra = 169.042002
dec = 1.98684
rprs = 0.0267
period = 39.8415
[constraints]
maxrad = 20.0
secthresh = 0.000452443255404
ccfiles = SDSS_r.cc,
