name = 201596316.1
ra = 169.042002
dec = 1.98684
rprs = 0.0267
period = 39.8415
[mags]
B = 14.214, 0.033
V = 13.386, 0.27
g = 13.778, 0.21
r = 13.137, 0.36
i = 12.878, 0.3
J = 11.865, 0.06
H = 11.458, 0.06
K = 11.347, 0.06
W1 = 11.291, 0.069
W2 = 11.353, 0.063
W3 = 10.799, 0.321
Kepler = 13.2652
[constraints]
maxrad = 20.0
ccfiles = SDSS_r.cc,
