name = 201596316.1
ra = 169.042002
dec = 1.98684
rprs = 0.0267
period = 39.8415
[mags]
B = 14.214, 0.011
V = 13.386, 0.09
g = 13.778, 0.07
r = 13.137, 0.12
i = 12.878, 0.1
J = 11.865, 0.02
H = 11.458, 0.02
K = 11.347, 0.02
W1 = 11.291, 0.023
W2 = 11.353, 0.021
W3 = 10.799, 0.107
Kepler = 13.2652
[constraints]
maxrad = 12
ccfiles = SDSS_r.cc,
