name = 201736247.1
ra = 178.110797
dec = 4.254747
rprs = 0.0347
period = 11.8106
[constraints]
maxrad = 18.0
secthresh = 0.000422805577571
ccfiles = SDSS_r.cc,
