name = 201736247.1
ra = 178.110797
dec = 4.254747
rprs = 0.0347
period = 11.8106
[mags]
B = 15.49, 0.18
V = 14.663, 0.15
g = 15.011, 0.12
r = 14.349, 0.12
i = 14.139, 0.06
J = 13.067, 0.06
H = 12.555, 0.06
K = 12.495, 0.09
W1 = 12.462, 0.072
W2 = 12.499, 0.072
W3 = 11.846, 3e+50
Kepler = 14.4814
[constraints]
maxrad = 18.0
ccfiles = SDSS_r.cc,
