name = 201736247.1
ra = 178.110797
dec = 4.254747
rprs = 0.0347
period = 11.8106
[mags]
B = 15.49, 0.06
V = 14.663, 0.05
J = 13.067, 0.02
H = 12.555, 0.02
K = 12.495, 0.03
W1 = 12.462, 0.024
W2 = 12.499, 0.024
W3 = 11.846, 1e+50
Kepler = 14.4814
[constraints]
maxrad = 12
ccfiles = SDSS_r.cc,
