name = 201635569.1
ra = 178.057026
dec = 2.594245
rprs = 0.0991
period = 8.3681
[constraints]
maxrad = 16.0
secthresh = 0.000788146478415
ccfiles = SDSS_r.cc,
