name = 201635569.1
ra = 178.057026
dec = 2.594245
rprs = 0.0991
period = 8.3681
[mags]
B = 17.736, 0.16
V = 16.31, 0.01
J = 13.416, 0.03
H = 12.772, 0.02
K = 12.611, 0.03
W1 = 12.521, 0.025
W2 = 12.552, 0.027
W3 = 12.057, 1e+50
Kepler = 15.7629
[constraints]
maxrad = 12
ccfiles = SDSS_r.cc,
