name = 201635569.1
ra = 178.057026
dec = 2.594245
rprs = 0.0991
period = 8.3681
[mags]
B = 17.736, 0.48
V = 16.31, 0.03
g = 17.022, 0.03
r = 15.623, 0.03
i = 14.871, 0.03
J = 13.416, 0.09
H = 12.772, 0.06
K = 12.611, 0.09
W1 = 12.521, 0.075
W2 = 12.552, 0.081
W3 = 12.057, 3e+50
Kepler = 15.7629
[constraints]
maxrad = 16.0
secthresh = 0.000788146478415
ccfiles = SDSS_r.cc,
