name = 201565013.1
ra = 176.992193
dec = 1.510249
rprs = 0.1538
period = 8.6381
[constraints]
maxrad = 14.0
secthresh = 0.00168515606558
ccfiles = SDSS_r.cc,
