name = 201565013.1
ra = 176.992193
dec = 1.510249
rprs = 0.1538
period = 8.6381
[mags]
B = 0.0, 3e+50
V = 0.0, 3e+50
g = 18.255, 0.03
r = 16.905, 0.03
i = 16.338, 0.03
J = 14.777, 0.12
H = 14.114, 0.15
K = 14.084, 0.21
W1 = 13.938, 0.081
W2 = 13.874, 0.12
W3 = 12.121, 3e+50
Kepler = 17.04
[constraints]
maxrad = 14.0
ccfiles = SDSS_r.cc,
