name = 201565013.1
ra = 176.992193
dec = 1.510249
rprs = 0.1538
period = 8.6381
[mags]
B = 0.0, 1e+50
V = 0.0, 1e+50
J = 14.777, 0.04
H = 14.114, 0.05
K = 14.084, 0.07
W1 = 13.938, 0.027
W2 = 13.874, 0.04
W3 = 12.121, 1e+50
Kepler = 17.04
[constraints]
maxrad = 12
ccfiles = SDSS_r.cc,
