name = 201629650.1
ra = 170.155528
dec = 2.502696
rprs = 0.0241
period = 40.0492
[constraints]
maxrad = 22.0
secthresh = 0.000428188173144
ccfiles = SDSS_r.cc,
