name = 201629650.1
ra = 170.155528
dec = 2.502696
rprs = 0.0241
period = 40.0492
[mags]
B = 13.609, 0.09
V = 12.901, 0.12
g = 13.197, 0.09
r = 12.727, 0.03
i = 12.528, 0.18
J = 11.571, 0.09
H = 11.26, 0.06
K = 11.169, 0.09
W1 = 11.137, 0.066
W2 = 11.177, 0.063
W3 = 10.934, 0.351
Kepler = 12.821
[constraints]
maxrad = 22.0
secthresh = 0.000428188173144
ccfiles = SDSS_r.cc,
