name = 201629650.1
ra = 170.155528
dec = 2.502696
rprs = 0.0241
period = 40.0492
[mags]
B = 13.609, 0.03
V = 12.901, 0.04
J = 11.571, 0.03
H = 11.26, 0.02
K = 11.169, 0.03
W1 = 11.137, 0.022
W2 = 11.177, 0.021
W3 = 10.934, 0.117
Kepler = 12.821
[constraints]
maxrad = 12
ccfiles = SDSS_r.cc,
