name = 201617985.1
ra = 179.491659
dec = 2.321476
rprs = 0.0333
period = 7.2823
[mags]
B = 16.336, 0.06
V = 14.863, 0.15
g = 15.618, 0.18
r = 14.261, 0.24
i = 13.416, 0.27
J = 11.719, 0.06
H = 11.094, 0.12
K = 10.9, 0.06
W1 = 10.728, 0.066
W2 = 10.704, 0.066
W3 = 10.856, 0.342
Kepler = 14.3967
[constraints]
maxrad = 20.0
secthresh = 0.000267403686168
ccfiles = SDSS_r.cc,
