name = 201617985.1
ra = 179.491659
dec = 2.321476
rprs = 0.0333
period = 7.2823
[mags]
B = 16.336, 0.02
V = 14.863, 0.05
J = 11.719, 0.02
H = 11.094, 0.04
K = 10.9, 0.02
W1 = 10.728, 0.022
W2 = 10.704, 0.022
W3 = 10.856, 0.114
Kepler = 14.3967
[constraints]
maxrad = 12
ccfiles = SDSS_r.cc,
