name = 201617985.1
ra = 179.491659
dec = 2.321476
rprs = 0.0333
period = 7.2823
[constraints]
maxrad = 20.0
secthresh = 0.000267403686168
ccfiles = SDSS_r.cc,
