name = 201549860.1
ra = 170.103081
dec = 1.285956
rprs = 0.0283
period = 5.6083
[mags]
B = 15.556, 0.18
V = 14.366, 0.15
g = 14.946, 0.21
r = 13.853, 0.09
i = 13.454, 0.15
J = 12.144, 0.06
H = 11.564, 0.06
K = 11.423, 0.06
W1 = 11.383, 0.069
W2 = 11.464, 0.063
W3 = 11.599, 0.744
Kepler = 13.9623
[constraints]
maxrad = 18.0
ccfiles = SDSS_r.cc,
