name = 201549860.1
ra = 170.103081
dec = 1.285956
rprs = 0.0283
period = 5.6083
[mags]
B = 15.556, 0.06
V = 14.366, 0.05
J = 12.144, 0.02
H = 11.564, 0.02
K = 11.423, 0.02
W1 = 11.383, 0.023
W2 = 11.464, 0.021
W3 = 11.599, 0.248
Kepler = 13.9623
[constraints]
maxrad = 12
ccfiles = SDSS_r.cc,
