name = 201549860.1
ra = 170.103081
dec = 1.285956
rprs = 0.0283
period = 5.6083
[constraints]
maxrad = 18.0
secthresh = 0.000177241729169
ccfiles = SDSS_r.cc,
