name = 201828749.1
ra = 175.654342
dec = 5.894323
rprs = 0.0267
period = 33.5093
[mags]
B = 12.478, 0.12
V = 11.763, 0.03
g = 12.135, 0.15
r = 11.582, 0.12
i = 11.316, 0.12
J = 10.494, 0.09
H = 10.227, 0.12
K = 9.933, 0.09
W1 = 9.82, 0.069
W2 = 9.866, 0.063
W3 = 9.982, 0.174
Kepler = 11.6926
[constraints]
maxrad = 16.0
secthresh = 0.000391436989739
ccfiles = PHARO_K.cc, PHARO_J.cc, PHARO_H.cc, SDSS_r.cc
