name = 201828749.1
ra = 175.654342
dec = 5.894323
rprs = 0.0267
period = 33.5093
[constraints]
maxrad = 16.0
secthresh = 0.000391436989739
ccfiles = PHARO_K.cc, PHARO_J.cc, PHARO_H.cc, SDSS_r.cc
