name = 201828749.1
ra = 175.654342
dec = 5.894323
rprs = 0.0267
period = 33.5093
[mags]
B = 12.478, 0.04
V = 11.763, 0.01
J = 10.494, 0.03
H = 10.227, 0.04
K = 9.933, 0.03
W1 = 9.82, 0.023
W2 = 9.866, 0.021
W3 = 9.982, 0.058
Kepler = 11.6926
[constraints]
maxrad = 12
ccfiles = PHARO_H.cc, PHARO_J.cc, PHARO_K.cc, SDSS_r.cc
