name = 201445392.2
ra = 169.793665
dec = -0.284375
rprs = 0.0274
period = 5.0644
[constraints]
maxrad = 18.0
secthresh = 0.000180863360558
ccfiles = SDSS_r.cc,
