name = 201555883.1
ra = 176.07594
dec = 1.375947
rprs = 0.0604
period = 5.7966
[mags]
B = 16.48, 0.01
V = 15.426, 0.01
J = 13.195, 0.02
H = 12.533, 0.03
K = 12.431, 0.03
W1 = 12.335, 0.022
W2 = 12.382, 0.027
W3 = 12.034, 1e+50
Kepler = 15.2024
[constraints]
maxrad = 12
ccfiles = SDSS_r.cc,
