name = 201555883.1
ra = 176.07594
dec = 1.375947
rprs = 0.0604
period = 5.7966
[constraints]
maxrad = 14.0
secthresh = 0.000936727301507
ccfiles = SDSS_r.cc,
