name = 201555883.1
ra = 176.07594
dec = 1.375947
rprs = 0.0604
period = 5.7966
[mags]
B = 16.48, 0.03
V = 15.426, 0.03
g = 16.187, 0.3
r = 15.093, 0.39
i = 14.549, 0.24
J = 13.195, 0.06
H = 12.533, 0.09
K = 12.431, 0.09
W1 = 12.335, 0.066
W2 = 12.382, 0.081
W3 = 12.034, 3e+50
Kepler = 15.2024
[constraints]
maxrad = 14.0
secthresh = 0.000936727301507
ccfiles = SDSS_r.cc,
