name = 201569483.1
ra = 167.171299
dec = 1.577513
rprs = 0.3587
period = 5.7969
[constraints]
maxrad = 24.0
secthresh = 0.00205541341291
ccfiles = SDSS_r.cc,
