name = 201569483.1
ra = 167.171299
dec = 1.577513
rprs = 0.3587
period = 5.7969
[mags]
B = 12.901, 0.08
V = 12.048, 0.07
g = 12.442, 0.03
r = 11.761, 0.08
i = 11.476, 0.08
J = 10.386, 0.02
H = 9.972, 0.03
K = 9.883, 0.02
W1 = 9.823, 0.022
W2 = 9.87, 0.021
W3 = 9.819, 0.048
Kepler = 11.8972
[constraints]
maxrad = 12
ccfiles = SDSS_r.cc,
