name = 201569483.1
ra = 167.171299
dec = 1.577513
rprs = 0.3587
period = 5.7969
[mags]
B = 12.901, 0.24
V = 12.048, 0.21
g = 12.442, 0.09
r = 11.761, 0.24
i = 11.476, 0.24
J = 10.386, 0.06
H = 9.972, 0.09
K = 9.883, 0.06
W1 = 9.823, 0.066
W2 = 9.87, 0.063
W3 = 9.819, 0.144
Kepler = 11.8972
[constraints]
maxrad = 24.0
ccfiles = SDSS_r.cc,
