name = 201384232.1
ra = 178.19226
dec = -1.198477
rprs = 0.026
period = 30.9375
[mags]
B = 13.302, 0.05
V = 12.654, 0.04
g = 12.914, 0.05
r = 12.482, 0.06
i = 12.343, 0.07
J = 11.44, 0.02
H = 11.09, 0.02
K = 11.069, 0.02
W1 = 10.999, 0.024
W2 = 11.049, 0.022
W3 = 11.214, 0.16
Kepler = 12.5684
[constraints]
maxrad = 12
ccfiles = SDSS_r.cc,
