name = 201384232.1
ra = 178.19226
dec = -1.198477
rprs = 0.026
period = 30.9375
[constraints]
maxrad = 18.0
secthresh = 0.00044343805529
ccfiles = SDSS_r.cc,
