name = 201384232.1
ra = 178.19226
dec = -1.198477
rprs = 0.026
period = 30.9375
[mags]
B = 13.302, 0.15
V = 12.654, 0.12
g = 12.914, 0.15
r = 12.482, 0.18
i = 12.343, 0.21
J = 11.44, 0.06
H = 11.09, 0.06
K = 11.069, 0.06
W1 = 10.999, 0.072
W2 = 11.049, 0.066
W3 = 11.214, 0.48
Kepler = 12.5684
[constraints]
maxrad = 18.0
ccfiles = SDSS_r.cc,
