name = 201208431.1
ra = 174.74564
dec = -3.905585
rprs = 0.0349
period = 10.004
[constraints]
maxrad = 20.0
secthresh = 0.000514671458775
ccfiles = SDSS_r.cc,
