name = 201208431.1
ra = 174.74564
dec = -3.905585
rprs = 0.0349
period = 10.004
[mags]
B = 16.229, 0.05
V = 14.907, 0.03
J = 12.367, 0.02
H = 11.747, 0.02
K = 11.571, 0.02
W1 = 11.508, 0.022
W2 = 11.549, 0.021
W3 = 11.576, 0.195
Kepler = 14.4176
[constraints]
maxrad = 12
ccfiles = SDSS_r.cc,
