name = 201208431.1
ra = 174.74564
dec = -3.905585
rprs = 0.0349
period = 10.004
[mags]
B = 16.229, 0.15
V = 14.907, 0.09
g = 15.557, 0.12
r = 14.291, 0.21
i = 13.89, 0.36
J = 12.367, 0.06
H = 11.747, 0.06
K = 11.571, 0.06
W1 = 11.508, 0.066
W2 = 11.549, 0.063
W3 = 11.576, 0.585
Kepler = 14.4176
[constraints]
maxrad = 20.0
ccfiles = SDSS_r.cc,
