name = 201649426.1
ra = 177.234262
dec = 2.807619
rprs = 0.4365
period = 27.7704
[constraints]
maxrad = 24.0
secthresh = 0.00310007051355
ccfiles = SDSS_r.cc,
