name = 201649426.1
ra = 177.234262
dec = 2.807619
rprs = 0.4365
period = 27.7704
[mags]
B = 14.575, 0.09
V = 13.529, 0.03
g = 14.042, 0.03
r = 13.181, 0.06
i = 12.859, 0.18
J = 11.566, 0.06
H = 11.073, 0.06
K = 11.073, 0.06
W1 = 10.879, 0.069
W2 = 10.906, 0.063
W3 = 10.855, 0.366
Kepler = 13.2671
[constraints]
maxrad = 24.0
ccfiles = SDSS_r.cc,
