name = 201649426.1
ra = 177.234262
dec = 2.807619
rprs = 0.4365
period = 27.7704
[mags]
B = 14.575, 0.03
V = 13.529, 0.01
J = 11.566, 0.02
H = 11.073, 0.02
K = 11.073, 0.02
W1 = 10.879, 0.023
W2 = 10.906, 0.021
W3 = 10.855, 0.122
Kepler = 13.2671
[constraints]
maxrad = 12
ccfiles = SDSS_r.cc,
