name = 201295312.1
ra = 174.01163
dec = -2.520881
rprs = 0.0175
period = 5.6562
[constraints]
maxrad = 16.0
secthresh = 4.3751650433e-05
ccfiles = PHARO_K.cc, SDSS_r.cc
