name = 201295312.1
ra = 174.01163
dec = -2.520881
rprs = 0.0175
period = 5.6562
[mags]
B = 12.782, 0.04
V = 12.189, 0.12
g = 12.413, 0.03
r = 12.084, 0.09
i = 12.014, 0.21
J = 11.018, 0.03
H = 10.696, 0.02
K = 10.693, 0.02
W1 = 10.635, 0.024
W2 = 10.685, 0.022
W3 = 10.748, 0.116
Kepler = 12.1498
[constraints]
maxrad = 12
ccfiles = PHARO_K.cc, SDSS_r.cc
