name = 201295312.1
ra = 174.01163
dec = -2.520881
rprs = 0.0175
period = 5.6562
[mags]
B = 12.782, 0.12
V = 12.189, 0.36
g = 12.413, 0.09
r = 12.084, 0.27
i = 12.014, 0.63
J = 11.018, 0.09
H = 10.696, 0.06
K = 10.693, 0.06
W1 = 10.635, 0.072
W2 = 10.685, 0.066
W3 = 10.748, 0.348
Kepler = 12.1498
[constraints]
maxrad = 16.0
secthresh = 4.3751650433e-05
ccfiles = PHARO_K.cc, SDSS_r.cc
