name = 201367065.2
ra = 172.334949
dec = -1.454787
rprs = 0.0272
period = 24.647
[constraints]
maxrad = 24.0
secthresh = 0.000666904343247
ccfiles = SDSS_r.cc,
