name = 201505350.1
ra = 174.960319
dec = 0.603575
rprs = 0.0446
period = 11.9069
[mags]
B = 13.798, 0.02
V = 13.002, 0.01
J = 11.596, 0.02
H = 11.208, 0.02
K = 11.161, 0.03
W1 = 11.097, 0.024
W2 = 11.134, 0.023
W3 = 10.948, 0.124
Kepler = 12.883
[constraints]
maxrad = 12
ccfiles = SDSS_r.cc,
