name = 201505350.1
ra = 174.960319
dec = 0.603575
rprs = 0.0446
period = 11.9069
[constraints]
maxrad = 24.0
secthresh = 0.00268751589214
ccfiles = SDSS_r.cc,
