name = 201505350.1
ra = 174.960319
dec = 0.603575
rprs = 0.0446
period = 11.9069
[mags]
B = 13.798, 0.06
V = 13.002, 0.03
g = 13.359, 0.06
r = 12.764, 0.03
i = 12.568, 0.06
J = 11.596, 0.06
H = 11.208, 0.06
K = 11.161, 0.09
W1 = 11.097, 0.072
W2 = 11.134, 0.069
W3 = 10.948, 0.372
Kepler = 12.883
[constraints]
maxrad = 24.0
secthresh = 0.00268751589214
ccfiles = SDSS_r.cc,
