name = 201912552.1
ra = 172.56046
dec = 7.588391
rprs = 0.0513
period = 32.941
[mags]
B = 15.005, 0.18
V = 13.496, 0.15
g = 14.223, 0.15
r = 12.858, 0.12
i = 11.661, 0.24
J = 9.763, 0.09
H = 9.135, 0.09
K = 8.899, 0.06
W1 = 8.769, 0.069
W2 = 8.668, 0.06
W3 = 8.552, 0.075
Kepler = 12.9945
[constraints]
maxrad = 18.0
secthresh = 0.000474781856132
ccfiles = PHARO_K.cc, SDSS_r.cc
