name = 201912552.1
ra = 172.56046
dec = 7.588391
rprs = 0.0513
period = 32.941
[constraints]
maxrad = 18.0
secthresh = 0.000474781856132
ccfiles = PHARO_K.cc, SDSS_r.cc
