name = 201912552.1
ra = 172.56046
dec = 7.588391
rprs = 0.0513
period = 32.941
[mags]
B = 15.005, 0.06
V = 13.496, 0.05
J = 9.763, 0.03
H = 9.135, 0.03
K = 8.899, 0.02
W1 = 8.769, 0.023
W2 = 8.668, 0.02
W3 = 8.552, 0.025
Kepler = 12.9945
[constraints]
maxrad = 12
ccfiles = PHARO_K.cc, SDSS_r.cc
