name = 201613023.1
ra = 173.192036
dec = 2.244884
rprs = 0.0205
period = 8.2818
[mags]
B = 12.99, 0.09
V = 12.258, 0.01
g = 12.561, 0.03
r = 12.049, 0.03
i = 11.96, 0.08
J = 10.983, 0.02
H = 10.712, 0.02
K = 10.605, 0.02
W1 = 10.582, 0.024
W2 = 10.631, 0.021
W3 = 10.589, 0.095
Kepler = 12.1514
[constraints]
maxrad = 12
ccfiles = PHARO_K.cc, SDSS_r.cc
