name = 201613023.1
ra = 173.192036
dec = 2.244884
rprs = 0.0205
period = 8.2818
[constraints]
maxrad = 24.0
secthresh = 8.35543458842e-05
ccfiles = PHARO_K.cc, SDSS_r.cc
