name = 201613023.1
ra = 173.192036
dec = 2.244884
rprs = 0.0205
period = 8.2818
[mags]
B = 12.99, 0.27
V = 12.258, 0.03
g = 12.561, 0.09
r = 12.049, 0.09
i = 11.96, 0.24
J = 10.983, 0.06
H = 10.712, 0.06
K = 10.605, 0.06
W1 = 10.582, 0.072
W2 = 10.631, 0.063
W3 = 10.589, 0.285
Kepler = 12.1514
[constraints]
maxrad = 24.0
secthresh = 8.35543458842e-05
ccfiles = PHARO_K.cc, SDSS_r.cc
