name = 201779067.1
ra = 168.542699
dec = 4.988131
rprs = 0.2535
period = 27.2429
[constraints]
maxrad = 24.0
secthresh = 0.00197395333342
ccfiles = SDSS_r.cc,
