name = 201779067.1
ra = 168.542699
dec = 4.988131
rprs = 0.2535
period = 27.2429
[mags]
B = 11.812, 0.01
V = 11.269, 0.01
g = 11.528, 0.07
r = 11.119, 0.01
i = 10.949, 0.01
J = 10.129, 0.02
H = 9.869, 0.02
K = 9.802, 0.02
W1 = 9.74, 0.022
W2 = 9.769, 0.02
W3 = 9.739, 0.044
Kepler = 11.2008
[constraints]
maxrad = 12
ccfiles = SDSS_r.cc,
