name = 201779067.1
ra = 168.542699
dec = 4.988131
rprs = 0.2535
period = 27.2429
[mags]
B = 11.812, 0.03
V = 11.269, 0.03
g = 11.528, 0.21
r = 11.119, 0.03
i = 10.949, 0.03
J = 10.129, 0.06
H = 9.869, 0.06
K = 9.802, 0.06
W1 = 9.74, 0.066
W2 = 9.769, 0.06
W3 = 9.739, 0.132
Kepler = 11.2008
[constraints]
maxrad = 24.0
ccfiles = SDSS_r.cc,
