name = 201338508.1
ra = 169.303502
dec = -1.877976
rprs = 0.0339
period = 10.9328
[constraints]
maxrad = 20.0
secthresh = 0.000625431458537
ccfiles = SDSS_r.cc,
