name = 201338508.1
ra = 169.303502
dec = -1.877976
rprs = 0.0339
period = 10.9328
[mags]
B = 16.296, 0.21
V = 14.912, 0.09
g = 15.623, 0.15
r = 14.334, 0.06
i = 13.792, 0.15
J = 12.449, 0.09
H = 11.758, 0.06
K = 11.595, 0.06
W1 = 11.487, 0.075
W2 = 11.494, 0.069
W3 = 11.161, 0.387
Kepler = 14.4629
[constraints]
maxrad = 20.0
ccfiles = SDSS_r.cc,
