name = 201445392.1
ra = 169.793665
dec = -0.284375
rprs = 0.0349
period = 10.3527
[mags]
B = 15.726, 0.02
V = 14.609, 0.03
J = 12.829, 0.03
H = 12.318, 0.03
K = 12.245, 0.03
W1 = 12.159, 0.022
W2 = 12.215, 0.024
W3 = 11.78, 1e+50
Kepler = 14.3781
[constraints]
maxrad = 12
ccfiles = SDSS_r.cc,
