name = 201445392.1
ra = 169.793665
dec = -0.284375
rprs = 0.0349
period = 10.3527
[constraints]
maxrad = 18.0
secthresh = 0.000258034303754
ccfiles = SDSS_r.cc,
