name = 201577035.1
ra = 172.121957
dec = 1.690636
rprs = 0.038
period = 19.3062
[mags]
B = 13.138, 0.33
V = 12.418, 0.06
g = 12.7, 0.12
r = 12.211, 0.09
i = 12.129, 0.6
J = 11.059, 0.06
H = 10.75, 0.06
K = 10.645, 0.06
W1 = 10.638, 0.069
W2 = 10.692, 0.063
W3 = 10.546, 0.285
Kepler = 12.3088
[constraints]
maxrad = 24.0
ccfiles = PHARO_K.cc, SDSS_r.cc
