name = 201577035.1
ra = 172.121957
dec = 1.690636
rprs = 0.038
period = 19.3062
[constraints]
maxrad = 24.0
secthresh = 0.000135282312507
ccfiles = PHARO_K.cc, SDSS_r.cc
