name = 201577035.1
ra = 172.121957
dec = 1.690636
rprs = 0.038
period = 19.3062
[mags]
B = 13.138, 0.11
V = 12.418, 0.02
J = 11.059, 0.02
H = 10.75, 0.02
K = 10.645, 0.02
W1 = 10.638, 0.023
W2 = 10.692, 0.021
W3 = 10.546, 0.095
Kepler = 12.3088
[constraints]
maxrad = 12
ccfiles = PHARO_K.cc, SDSS_r.cc
