name = 201754305.1
ra = 175.097258
dec = 4.55734
rprs = 0.0297
period = 19.0726
[mags]
B = 15.647, 0.12
V = 14.648, 0.03
g = 15.126, 0.12
r = 14.279, 0.03
i = 13.929, 0.15
J = 12.764, 0.09
H = 12.207, 0.09
K = 12.087, 0.06
W1 = 12.061, 0.069
W2 = 12.098, 0.069
W3 = 12.341, 1.386
Kepler = 14.3637
[constraints]
maxrad = 16.0
secthresh = 0.000648004910342
ccfiles = SDSS_r.cc,
