name = 201754305.1
ra = 175.097258
dec = 4.55734
rprs = 0.0297
period = 19.0726
[constraints]
maxrad = 16.0
secthresh = 0.000648004910342
ccfiles = SDSS_r.cc,
