name = 201754305.2
ra = 175.097258
dec = 4.55734
rprs = 0.0281
period = 7.6202
[mags]
B = 15.647, 0.04
V = 14.648, 0.01
g = 15.126, 0.04
r = 14.279, 0.01
i = 13.929, 0.05
J = 12.764, 0.03
H = 12.207, 0.03
K = 12.087, 0.02
W1 = 12.061, 0.023
W2 = 12.098, 0.023
W3 = 12.341, 0.462
Kepler = 14.3637
[constraints]
maxrad = 12
ccfiles = SDSS_r.cc,
