name = 201754305.2
ra = 175.097258
dec = 4.55734
rprs = 0.0281
period = 7.6202
[constraints]
maxrad = 16.0
secthresh = 0.000378341366767
ccfiles = SDSS_r.cc,
