name = 201403446.1
ra = 174.266344
dec = -0.907261
rprs = 0.0154
period = 19.1535
[mags]
B = 12.485, 0.06
V = 12.029, 0.06
g = 12.18, 0.03
r = 11.944, 0.15
i = 11.86, 0.12
J = 11.046, 0.09
H = 10.761, 0.06
K = 10.781, 0.06
W1 = 10.673, 0.075
W2 = 10.713, 0.063
W3 = 10.362, 0.21
Kepler = 11.9912
[constraints]
maxrad = 20.0
ccfiles = PHARO_K.cc, SDSS_r.cc
