name = 201403446.1
ra = 174.266344
dec = -0.907261
rprs = 0.0154
period = 19.1535
[mags]
B = 12.485, 0.02
V = 12.029, 0.02
J = 11.046, 0.03
H = 10.761, 0.02
K = 10.781, 0.02
W1 = 10.673, 0.025
W2 = 10.713, 0.021
W3 = 10.362, 0.07
Kepler = 11.9912
[constraints]
maxrad = 12
ccfiles = PHARO_K.cc, SDSS_r.cc
