name = 201403446.1
ra = 174.266344
dec = -0.907261
rprs = 0.0154
period = 19.1535
[constraints]
maxrad = 20.0
secthresh = 0.000183538472859
ccfiles = PHARO_K.cc, SDSS_r.cc
