name = 201338508.2
ra = 169.303502
dec = -1.877976
rprs = 0.0331
period = 5.735
[constraints]
maxrad = 20.0
secthresh = 0.000328004128454
ccfiles = SDSS_r.cc,
