name = 201338508.2
ra = 169.303502
dec = -1.877976
rprs = 0.0331
period = 5.735
[mags]
B = 16.296, 0.07
V = 14.912, 0.03
J = 12.449, 0.03
H = 11.758, 0.02
K = 11.595, 0.02
W1 = 11.487, 0.025
W2 = 11.494, 0.023
W3 = 11.161, 0.129
Kepler = 14.4629
[constraints]
maxrad = 12
ccfiles = SDSS_r.cc,
