name = 201367065.1
ra = 172.334949
dec = -1.454787
rprs = 0.0354
period = 10.0542
[mags]
B = 13.524, 0.18
V = 12.167, 0.03
g = 12.871, 0.09
r = 11.582, 0.06
i = 10.983, 0.51
J = 9.421, 0.09
H = 8.805, 0.12
K = 8.561, 0.06
W1 = 8.443, 0.066
W2 = 8.424, 0.057
W3 = 8.322, 0.063
Kepler = 11.7109
[constraints]
maxrad = 24.0
secthresh = 0.000146475699691
ccfiles = SDSS_r.cc,
