name = 201367065.1
ra = 172.334949
dec = -1.454787
rprs = 0.0354
period = 10.0542
[constraints]
maxrad = 24.0
secthresh = 0.000146475699691
ccfiles = SDSS_r.cc,
