name = 201367065.1
ra = 172.334949
dec = -1.454787
rprs = 0.0354
period = 10.0542
[mags]
B = 13.524, 0.06
V = 12.167, 0.01
g = 12.871, 0.03
r = 11.582, 0.02
i = 10.983, 0.17
J = 9.421, 0.03
H = 8.805, 0.04
K = 8.561, 0.02
W1 = 8.443, 0.022
W2 = 8.424, 0.019
W3 = 8.322, 0.021
Kepler = 11.7109
[constraints]
maxrad = 12
ccfiles = SDSS_r.cc,
